B0301+19	46.137979	19.547611	1.387584	0
B0320+39	50.860908	39.748028	3.032072	0
J0324+5239	51.231083	52.658694	0.33662		115.46
J0329+1654	52.285625	16.900556	0.89332		40.82
J0332+79	53.1875		79.166667	2.05621		16.67
B0329+54	53.247367	54.578769	0.71452		0
B0331+45	53.819363	45.931521	0.269201	0
J0337+1715	54.432608	17.254119	0.002733	21.32
J0340+4130	55.097033	41.512581	0.003299	49.59
B0339+53	55.803785	53.214841	1.934478	0
J0348+0432	57.181829	4.536516	0.039123	40.46
B0353+52	59.436731	52.616028	0.19703		0
B0355+54	59.723849	54.220496	0.156384	0
B0402+61	61.625342	61.644733	0.594576	0
J0407+1607	61.978912	16.121222	0.025702	35.65
B0410+69	63.981889	69.902747	0.390715	0
J0417+35	64.429167	35.75		0.6544		48.53
J0421-0345	65.389817	-3.751836	2.161308	44.61
J0426+4933	66.528387	49.560683	0.922475	85
J0435+2749	68.965908	27.817139	0.326279	53.19
B0447-12	72.536588	-12.801972	0.438014	0
B0450-18	73.142107	-17.989825	0.548939	0
J0453+1559	73.439224	15.989252	0.045782	30.31
B0450+55	73.532294	55.728177	0.340729	0
J0458-0505	74.654671	-5.08475	1.88348		47.81
J0459-0210	74.966422	-2.168509	1.133076	21.02
B0458+46	75.519004	46.901692	0.638565	0
J0517+2212	79.321446	22.214417	0.222367	18.7
B0523+11	81.485201	11.2553		0.354438	0
B0525+21	82.217767	22.001111	3.745539	0
J0533+0402	83.357583	4.033472	0.963018	83.7
B0531+21	83.633221	22.014461	0.033392	0
J0538+2817	84.604405	28.285878	0.143158	39.57
J0540+3207	85.15465	32.127028	0.524271	61.97
B0540+23	85.79025	23.484722	0.245975	0
J0546+2441	86.619833	24.689167	2.84385		73.81
J0555+3948	88.75		39.8		1.146906	37
B0559-05	90.495759	-5.464044	0.395969	0
J0609+2130	92.495359	21.500789	0.055698	38.73
J0611+1436	92.827704	14.614444	0.270329	45.7
B0609+37	93.202861	37.360377	0.297982	0
J0613+3731	93.300625	37.527306	0.619198	18.99
J0613-0200	93.433233	-2.01312	0.003062	38.78
J0614+83	93.5		83.233333	1.039203	44
B0611+22	93.5715		22.51		0.33496		0
J0621+0336	95.296754	3.612644	0.269954	72.59
J0621+1002	95.342143	10.044093	0.028854	36.47
B0621-04	96.083451	-4.414015	1.039076	0
J0627+0706	96.934237	7.103528	0.475874	138.25
J0627+0649	96.973452	6.831703	0.346523	86.6
B0626+24	97.273867	24.262028	0.476623	0
J0630-0046	97.612317	-0.768292	0.680575	97.3
J0631+1036	97.864683	10.617361	0.2878		125.36
J0636+5129	99.020197	51.483324	0.002869	11.11
J0645+5158	101.496176	51.970811	0.008853	18.25
J0645+80	101.5		80.15		0.657873	50
J0646+0905	101.629146	9.097028	0.903913	149
J0647+0913	101.815333	9.233194	1.234854	154.7
J0652-0142	103.046275	-1.708417	0.924054	116.3
B0643+80	103.312875	80.866728	1.214441	0
B0656+14	104.950558	14.239306	0.384891	0
B0655+64	105.157508	64.303111	0.195671	0
J0711+0931	107.90075	9.523611	1.21409		46.24
J0725-1635	111.251684	-16.59606	0.424311	98.98
J0729-1448	112.318542	-14.810222	0.251659	91.7
B0727-18	112.384798	-18.611875	0.51016		0
J0740+6620	115.190814	66.342657	0.002886	14.96
J0751+1807	117.788147	18.127357	0.003479	30.25
B0751+32	118.669533	32.532278	1.442349	0
B0756-15	119.621128	-15.469094	0.682265	0
B0809+74	123.747917	74.484917	1.292241	0
J0815+0939	123.786567	9.664083	0.645161	52.66
B0818-13	125.109924	-13.84885	1.23813		0
B0820+02	125.7907	1.986781	0.864873	0
B0823+26	126.714097	26.623275	0.530661	0
B0834+06	129.273508	6.170711	1.273768	0
J0843+0719	130.890917	7.313278	1.36586		36.6
B0841+80	132.256282	80.48309	1.602228	0
B0906-17	137.159092	-17.660464	0.401626	0
B0917+63	140.308897	62.903864	1.567994	0
B0919+06	140.558425	6.639806	0.430627	0
J0927+2345	141.938583	23.752972	0.761889	17.24
B0940+16	145.875417	16.526944	1.087418	0
J0943+2253	145.88499	22.884906	0.532975	27.25
B0942-13	146.12065	-13.911564	0.570264	0
B0943+10	146.531667	9.865278	1.097706	0
J0947+2740	146.838696	27.67875	0.851014	29.09
B0950+08	148.28879	7.926597	0.253065	0
J1012+5307	153.139323	53.117306	0.005256	9.02
J1022+1001	155.741664	10.031329	0.016453	10.25
J1024-0719	156.161114	-7.32211	0.005162	6.48
B1039-19	160.400817	-19.703781	1.386368	0
B1112+50	168.91		50.503414	1.65644		0
J1125+7819	171.499377	78.330199	0.004202	11.73
B1133+16	174.013532	15.851244	1.187913	0
J1238+2152	189.596569	21.869743	1.118591	17.97
B1237+25	189.918589	24.897025	1.382449	0
J1246+2253	191.705679	22.895353	0.473871	17.79
B1254-10	194.269873	-10.451602	0.617308	0
B1257+12	195.014903	12.682353	0.006219	0
B1309-12	197.969375	-12.467117	0.447518	0
J1313+0931	198.345833	9.532222	0.848933	12.04
B1322+83	200.442417	83.394144	0.670037	0
J1327-0755	201.98995	-7.924944	0.002678	27.91
J1404+1159	211.154004	11.9876		2.650439	18.47
J1411+2551	212.828608	25.852331	0.062453	12.37
J1434+7257	218.498904	72.957364	0.041741	12.61
J1453+1902	223.440497	19.036701	0.005792	14.06
J1501-0046	225.437316	-0.7732		0.464037	22.26
J1503+2111	225.9775	21.185917	3.314002	3.26
B1508+55	227.356791	55.525665	0.739682	0
J1518+4904	229.569996	49.076181	0.040935	11.61
B1530+27	233.043185	27.763721	1.124836	0
B1534+12	234.291507	11.932065	0.037904	0
J1538+2345	234.525292	23.751111	3.449385	14.91
B1540-06	235.875658	-6.345903	0.709064	0
B1541+09	235.911771	9.487872	0.748448	0
J1544+4937	236.018697	49.632015	0.002159	23.23
J1549+2113	237.420588	21.224139	1.262471	24.06
J1555-0515	238.917071	-5.265944	0.97541		23.46
B1604-00	241.800431	-0.544675	0.421816	0
B1607-13	242.678228	-13.372864	1.018393	0
J1612+2008	243.097633	20.138425	0.426646	19.51
B1612+07	243.670444	7.625283	1.206801	0
B1620-09	245.823652	-9.147003	1.276446	0
J1627+1419	246.828163	14.322417	0.490857	32.17
J1629+43	247.25		43.983333	0.181173	7.3
B1633+24	248.857424	24.313144	0.490507	0
J1640+2224	250.069771	22.402451	0.003163	18.46
B1639+36A	250.420333	36.454289	0.010378	0
J1643-1224	250.909004	-12.4163	0.004622	62.41
B1642-03	251.258506	-3.299533	0.38769		0
J1645+1012	251.393396	10.204456	0.410861	36.17
J1647+66	252		66.066667	1.599819	23
J1649+2533	252.434292	25.551944	1.015257	34.46
B1648-17	252.882303	-17.156141	0.973394	0
J1652+2651	253.012792	26.861222	0.915803	40.8
B1657-13	254.971198	-13.08583	0.640958	0
B1700-18	255.962867	-18.771052	0.804341	0
B1702-19	256.400416	-19.110735	0.298987	0
J1709+2313	257.274133	23.224403	0.004631	25.35
B1706-16	257.360172	-16.682703	0.653054	0
J1710+49	257.620833	49.333333	0.00322		7.09
B1709-15	257.979416	-15.161041	0.868804	0
J1713+0747	258.45639	7.793745	0.00457		15.92
J1720+2150	260.005417	21.836889	1.615664	40.72
B1717-16	260.105026	-16.559368	1.565601	0
B1718-02	260.238621	-2.206639	0.477715	0
B1726-00	262.14508	-0.129168	0.386004	0
B1732-02	263.690254	-2.210854	0.839394	0
B1732-07	263.770715	-7.414581	0.419335	0
J1736+05	264.225		5.8		0.999245	42
J1738+0333	264.724858	3.553019	0.00585		33.77
B1737+13	265.030606	13.199081	0.80305		0
J1740+1000	265.108125	10.00175	0.154087	23.9
B1738-08	265.343982	-8.675506	2.043082	0
J1741+1351	265.37977	13.862254	0.003747	24.2
J1741+2758	265.472958	27.969167	1.360738	29.14
B1740-03	265.784105	-3.653189	0.444645	0
B1740-13	265.906759	-13.860546	0.405337	0
J1744-1610	266.068892	-16.176611	1.757206	66.67
J1744-1134	266.122524	-11.581856	0.004075	3.14
J1745-0129	266.258583	-1.488361	1.045407	90.1
J1746+2540	266.528625	25.677083	1.058148	51.2
B1745-12	267.072532	-13.014468	0.394133	0
J1752+2359	268.147583	23.996722	0.409051	36.2
B1753+52	268.595536	52.020071	2.391397	0
J1756+1822	269.073262	18.382028	0.744001	70.8
J1758+3030	269.607833	30.506667	0.947256	35.07
B1758-03	270.344418	-3.965285	0.921491	0
J1802+0128	270.614375	1.47325		0.554262	97.97
B1802+03	271.292311	3.108409	0.218712	0
B1804-12	271.528297	-11.907985	0.522618	0
B1804-08	271.908448	-8.795353	0.163727	0
J1807+0756	271.963479	7.945386	0.4643		89.29
J1808-0813	272.039302	-8.217166	0.876044	151.27
B1810+02	273.221616	2.449201	0.793903	0
B1811+40	273.305338	40.227509	0.931089	0
J1819-1318	274.931917	-13.311667	1.515696	35.1
J1819+1305	274.984275	13.087569	1.060364	64.81
J1820-0509	275.0947	-5.160694	0.337321	104
B1818-04	275.2192	-4.46059	0.598076	0
J1821+1715	275.306262	17.263072	1.366682	60.28
J1821+0155	275.412015	1.922776	0.033781	51.75
J1821+41	275.5		41.75		1.261787	40
J1822+0705	275.576841	7.088617	1.362817	62.2
B1821+05	275.879055	5.840086	0.752907	0
J1823-0154	275.967275	-1.90127	0.759777	135.87
B1821-19	276.001898	-19.764366	0.189335	0
B1822+00	276.313852	0.072139	0.778949	0
B1822-09	276.377621	-9.589528	0.769006	0
B1823-11	276.522803	-11.528785	2.093136	0
J1828-0611	277.086313	-6.197639	0.269415	363.2
J1828+1359	277.222242	13.993156	0.74164		56
B1826-17	277.429738	-17.851083	0.307133	0
J1829+0000	277.446417	0.002361	0.199147	114
J1831-1329	277.983167	-13.498889	2.165679	338
B1829-08	278.15425	-8.451011	0.647293	0
B1831-03	278.424644	-3.651203	0.686704	0
B1831-00	278.5719	-0.181467	0.520954	0
B1831-04	278.606678	-4.437733	0.290108	0
J1834+10	278.6125	10.733333	1.172719	78.48
J1834-1710	278.722504	-17.180556	0.358306	123.8
B1834-10	279.224691	-10.135653	0.562711	0
J1837+1221	279.279667	12.365		1.963532	100.6
J1837-0045	279.383975	-0.752956	0.617037	86.98
J1838+1650	279.679425	16.837792	1.901967	32.95
B1839+56	280.185867	56.682075	1.652862	0
B1839+09	280.483166	9.202043	0.381319	0
J1842+0638	280.541675	6.6375		0.313016	212.2
J1842+1332	280.624833	13.53375	0.471604	102.5
J1842+0257	280.628875	2.966333	3.088256	148.1
J1843+2024	280.859083	20.415167	3.406539	85.3
B1842+14	281.228727	14.903922	0.375463	0
J1846-07492	281.533329	-7.820333	0.86138		192
J1846-0749	281.582267	-7.822611	0.35011		388.3
J1847-0605	281.837796	-6.08725	0.778164	207.9
B1844-04	281.845178	-4.037294	0.597792	0
B1845-01	282.09829	-1.399536	0.659432	0
J1848+0826	282.182375	8.443306	0.328665	90.68
J1848+0604	282.227592	6.079667	2.218603	242.7
J1848+0647	282.233375	6.792139	0.505957	27.9
B1846-06	282.276815	-6.618585	1.451319	0
J1849+2423	282.394485	24.396104	0.275641	62.27
J1849+0127	282.434083	1.456389	0.542155	207.3
J1849-0614	282.438154	-6.242083	0.953384	119.6
J1849-0317	282.491042	-3.291944	0.668408	42.9
J1850-0026	282.561308	-0.436556	0.166634	947
J1851-0053	282.763208	-0.885361	1.409065	24
B1848+04	282.763745	4.303337	0.284697	0
B1848+12	282.805065	12.993135	1.205303	0
B1852+10	283.62223	10.778369	0.573197	0
B1851-14	283.684553	-14.35734	1.146595	0
B1853+01	284.044382	1.222576	0.26744		0
J1856-0526	284.091571	-5.449111	0.370483	130.5
B1854+00	284.253367	0.954659	0.356929	0
J1857-1027	284.360208	-10.450278	3.687219	108.9
B1855+09	284.401627	9.721443	0.005362	0
J1859+76	284.75		76.9		1.393617	47
J1900+30	285.075		30.883333	0.602227	71.84
B1859+01	285.392869	1.943949	0.288219	0
B1859+07	285.412236	7.276335	0.643999	0
B1900+05	285.677585	5.940533	0.746577	0
B1900+01	285.874928	1.593992	0.729306	0
B1900-06	285.908083	-6.539428	0.431887	0
J1904+0004	286.052992	0.068136	0.139525	233.61
B1902-01	286.365564	-0.94471	0.643181	0
B1903+07	286.473426	7.155379	0.64804		0
B1904+12	286.794583	12.793306	0.827097	0	
B1905+39	286.8944	40.034919	1.235757	0
J1908+0734	287.070875	7.570656	0.212353	11.1
B1906+09	287.244833	9.270556	0.83027		0
J1909+1859	287.327517	18.986317	0.542451	64.52
J1909+1450	287.362333	14.849444	0.996108	119.5
B1907+00	287.396907	0.132714	1.016948	0
B1907+02	287.409627	2.914076	0.989831	0
B1907+10	287.452891	11.034263	0.283641	0
B1907+12	287.556413	12.527829	1.441742	0
J1910+0714	287.577487	7.236611	2.712423	124.06
B1907-03	287.623659	-3.16502	0.504605	0
B1910+20	288.180644	21.076051	2.232969	0
B1911+13	288.351489	14.014644	0.521473	0
B1911-04	288.475723	-4.679911	0.825936	0
B1911+11	288.542167	11.367694	0.600997	0
J1914+0219	288.599142	2.329944	0.457527	233.8
B1913+167	288.829624	16.785688	1.616231	0
B1913+16	288.866664	16.107607	0.05903		0
B1913+10	288.874933	10.162131	0.404547	0
B1914+09	289.134769	9.857216	0.270254	0
B1914+13	289.244459	13.213894	0.281842	0
B1915+13	289.415793	13.899154	0.194631	0
B1915+22	289.434283	22.380211	0.425897	0
B1916+14	289.598493	14.751667	1.181023	0
B1917+00	289.961096	0.361056	1.27226		0
B1918+26	290.159894	26.844		0.785522	0
B1918+19	290.265833	19.812407	0.821035	0
B1919+14	290.350666	14.321409	0.618183	0
B1919+21	290.436729	21.883958	1.337302	0
B1919+20	290.464988	20.055778	0.760681	0
B1920+20	290.533362	20.299255	1.172763	0
B1920+21	290.723049	21.178324	1.077924	0
B1921+17	290.782708	17.102611	0.547209	0
J1923+2515	290.843719	25.261276	0.003788	18.86
J1924+1639	291.012965	16.661321	0.158043	208
J1925+19	291.358333	19.066667	1.916353	328
B1923+04	291.601962	4.525457	1.074078	0
B1924+16	291.688845	16.809106	0.579823	0
B1924+14	291.738441	14.582038	1.324922	0
J1927+0911	291.856783	9.184917	0.290305	202.7
B1926+18	292.319917	18.749861	1.22047		0
J1931+30	292.866667	30.583333	0.582126	56
B1929+20	293.033431	20.346226	0.268217	0
B1929+10	293.058124	10.992339	0.226518	0
B1930+22	293.094758	22.347635	0.14447		0
J1932+1500	293.192946	15.006167	1.864332	90.5
B1930+13	293.343871	13.080547	0.928324	0
B1933+17	293.874875	17.753389	0.654408	0
B1933+16	293.949275	16.277774	0.358738	0
B1935+25	294.255275	25.737132	0.20098		0
J1937+2950	294.448346	29.833833	1.657429	113.99
J1938+0650	294.47275	6.835		1.121562	70.8
B1937+24	294.77332	24.715446	0.645302	0
B1937+21	294.910672	21.58309	0.001558	0
J1941+1026	295.384725	10.440444	0.905394	138.91
B1939+17	295.504292	17.724528	0.696262	0
B1940-12	295.856172	-12.628449	0.972429	0
J1943+0609	295.871383	6.166		0.446226	70.76
J1944+0907	296.038879	9.123057	0.005185	24.36
B1942-00	296.368322	-0.682798	1.045632	0
B1944+22	296.603708	22.749833	1.33445		0
J1946+2611	296.690875	26.197		0.43506		165
J1946+2535	296.704583	25.597639	0.515167	248.81
B1944+17	296.721017	18.094789	0.440618	0
J1947+10	296.9		10.733333	1.110944	149
B1946+35	297.104195	35.669738	0.717311	0
J1949+3106	297.373494	31.101064	0.013138	164.13
J1950+05	297.741667	5.583333	0.455934	71
B1949+14	298.025647	14.124829	0.275026	0
B1951+32	298.242525	32.877919	0.039531	0
B1952+29	298.593975	29.388136	0.426677	0
J1954+43	298.75		43.833333	1.386961	130
B1953+50	298.828182	50.998692	0.518938	0
B1953+29	298.866147	29.145399	0.006133	0
J1956+0838	299.21775	8.638		0.303911	67.09
J1957+2831	299.330822	28.528845	0.307683	138.99
B1957+20	299.903208	20.804201	0.001607	0
B2000+32	300.518436	32.28842	0.696761	0
B2000+40	300.68346	40.848307	0.905067	0
J2002+30	300.741667	30.583333	0.421794	196
B2002+31	301.21786	31.619448	2.111265	0
J2005-0020	301.43229	-0.339429	2.279661	35.93
B2003-08	301.568196	-8.117199	0.580871	0
J2007+0809	301.80625	8.159167	0.325724	53.39
J2007+0910	301.992096	9.170258	0.458735	48.73
J2008+2513	302.147842	25.2251		0.589196	60.56
J2010+2845	302.521117	28.758103	0.565369	112.47
J2011+3331	302.770525	33.523511	0.931733	298.58
B2011+38	303.293196	38.762031	0.230194	0
J2013-0649	303.323961	-6.818164	0.580187	63.36
J2013+3058	303.392721	30.980747	0.276028	148.7
J2015+2524	303.802917	25.408694	2.303299	13
J2016+1948	304.239348	19.797663	0.06494		33.81
J2017+2043	304.370575	20.725528	0.537143	60.49
J2017+59	304.5		59.216667	0.403619	61
B2016+28	304.515972	28.665059	0.557953	0
J2018+3431	304.72165	34.516808	0.387664	222.35
J2019+2425	304.883121	24.420918	0.003935	17.2
B2020+28	305.654446	28.906418	0.343402	0
B2021+51	305.707804	51.913954	0.529197	0
B2022+50	305.924761	50.626349	0.372619	0
J2027+4557	306.817638	45.965856	1.099651	229.59
B2025+21	306.819542	21.767897	0.398173	0
B2027+37	307.349469	37.735601	1.216805	0
J2030+55	307.5		55		0.579		60
B2028+22	307.668525	22.472729	0.630513	0
J2032+4127	308.054663	41.456753	0.143246	114.67
J2033+1734	308.364633	17.582908	0.005949	25.08
J2033+0042	308.379625	0.706111	5.013398	37.84
J2036+2835	309.193179	28.586233	1.358727	84.22
B2034+19	309.310583	19.715083	2.074377	0
B2035+36	309.364336	36.356694	0.618715	0
B2036+53	309.513199	53.320228	1.424568	0
J2040+1657	310.074437	16.958461	0.865606	50.69
J2043+1711	310.837007	17.191363	0.00238		20.76
J2043+2740	310.93125	27.682222	0.096131	21.02
J2044+4614	311.245		46.248333	1.392715	315.4
J2045+3633	311.256271	36.55039	0.031682	129.55
J2045+0912	311.447266	9.2081		0.395555	31.78
B2043-04	311.500654	-4.357222	1.546938	0
B2044+15	311.663954	15.676003	1.138286	0
B2045+56	311.694205	57.143636	0.476735	0
J2047+5029	311.977667	50.493936	0.445945	107.68
B2045-16	312.148503	-16.279043	1.961572	0
J2048+2255	312.191117	22.918142	0.283901	70.68
J2053+4650	313.469284	46.847699	0.012586	98.08
B2053+36	313.880634	36.505964	0.221508	0
B2053+21	313.913133	22.15756	0.815181	0
J2102+38	315.5		38		1.19		85
B2106+44	317.085342	44.696908	0.414871	0
J2111+2106	317.888042	21.101944	3.953853	59.3
B2110+27	318.26829	27.900636	1.202852	0
B2111+46	318.351367	46.735783	1.014685	0
B2113+14	319.0573	14.239178	0.440153	0
J2122+54	320.75		54.55		0.138866	31.7
B2122+13	321.19406	14.122039	0.694053	0
J2138+4911	324.5		49.183333	0.696		168
J2139+2242	324.862083	22.711667	1.083514	44.16
J2139+00	324.925		0.6		0.31247		36
J2145-0750	326.460252	-7.838469	0.016052	9
B2148+63	327.494125	63.495417	0.38014		0
B2148+52	327.657222	52.797118	0.332206	0
J2151+2315	327.870417	23.253556	0.593534	23.6
J2155+2813	328.815917	28.220028	1.60902		77.13
J2156+2618	329.098767	26.308464	0.498149	48.44
B2154+40	329.257706	40.296107	1.525266	0
J2205+1444	331.321863	14.742028	0.938014	36.72
J2206+6151	331.575496	61.866139	0.322674	167
J2207+40	331.75		40.95		0.636985	12
J2208+5500	332.098833	55.002336	0.933161	101.03
B2210+29	333.097285	29.551581	1.004593	0
J2214+3000	333.661886	30.010609	0.003119	22.55
J2215+1538	333.915221	15.643022	0.374196	29.24
J2216+5759	334.02175	57.99825	0.419102	176
J2217+5733	334.479292	57.551111	1.056844	162.75
B2217+47	334.950579	47.914981	0.538469	0
J2222-0137	335.524871	-1.621035	0.032818	3.28
J2222+2923	335.763434	29.399624	0.281399	49.41
B2224+65	336.469671	65.593217	0.682542	0
J2227+30	336.875		30.6		0.842408	33
J2229+64	337.25		64.966667	1.89312		194
J2229+6114	337.272		61.235917	0.051624	204.97
B2227+61	337.424312	62.093339	0.443055	0
J2229+2643	337.462019	26.73268	0.002978	22.73
J2234+0611	338.596142	6.191303	0.003577	10.76
J2234+0944	338.695224	9.741735	0.003627	17.83
J2234+2114	338.736		21.238556	1.358745	35.08
J2235+1506	338.932084	15.113628	0.059767	18.09
J2240+5832	340.178913	58.543756	0.139935	263.5
B2241+69	340.735027	69.847817	1.664501	0
J2243+1518	340.7907	15.306975	0.596799	42.13
J2248-0101	342.112103	-1.030024	0.477233	29.05
J2253+1516	343.310554	15.277175	0.792236	29.2
B2255+58	344.490601	59.154121	0.368246	0
J2302+6028	345.546667	60.466728	1.206404	156.7
J2302+4442	345.695745	44.706137	0.005192	13.73
B2303+46	346.482675	47.129256	1.066371	0
B2303+30	346.493017	31.000489	1.575886	0
J2307+2225	346.922033	22.430589	0.535829	7.02
B2306+55	347.057592	55.793342	0.475068	0
J2311+67	347.75		67.083333	1.9447		97.1
B2310+42	348.28592	42.886956	0.349434	0
J2317+1439	349.288486	14.658682	0.003445	21.88
B2315+21	349.490952	21.830009	1.444653	0
J2319+6411	349.896708	64.190488	0.216018	246
B2319+60	350.480058	60.408532	2.256488	0
J2322+2057	350.593063	20.950744	0.004808	13.36
B2323+63	351.305534	63.281194	1.43631		0
J2325-0530	351.31375	-5.510833	0.868735	14.97
B2324+60	351.744572	61.226797	0.233652	0
J2333+6145	353.331033	61.758358	0.756899	125
B2334+61	354.274008	61.850425	0.49537		0
J2340+08	355.1875	8.55		0.3033		24
J2343+6221	355.75		62.35		1.799		117
J2346-0609	356.710225	-6.166525	1.181463	22.5
J2352+65	358		65		1.164		152
B2351+61	358.519683	61.929664	0.944784	0